x = [2.94, 3.84, 4.27]
y = [2.59, 3.2, 3.37]

% Linear model Poly2:
%      f(x) = p1*x^2 + p2*x + p3
% Coefficients:
%        p1 =     -0.2124
%        p2 =       2.118
%        p3 =        -1.8